-89865 -94544 -90602 -87837 -76429 -81654 -73248 -70082 -69773 -73708 -82974 -81896 -79223 -95190 -69159 -91961 -76545 -89476 -84986 -77799 
-94786 -76959 -87503 -97210 -91794 -68881 -77330 -94430 -85281 -84024 -93665 -74857 -99672 -74698 -88134 -86189 -71154 -76421 -77876 -82754 
-70361 -92830 -77122 -93905 -71617 -95718 -76585 -85153 -86918 -77756 -94205 -96738 -90181 -79029 -75053 -81084 -91195 -92172 -89916 -89365 
-79712 -94922 -86076 -97573 -68033 -82101 -98574 -89530 -83617 -83705 -77146 -80458 -77902 -73879 -73295 -75965 -94403 -85136 -73754 -76023 
-72450 -72145 -93735 -86055 -88365 -68828 -78362 -80849 -82793 -84794 -94603 -80028 -72562 -88227 -99971 -84187 -92413 -78314 -97977 -95964 
-78545 -70057 -97675 -73459 -86179 -92848 -97470 -73028 -70068 -91181 -67573 -68435 -78891 -91035 -85745 -96588 -92467 -94315 -76429 -85778 
-90579 -97652 -94327 -82185 -73872 -91162 -78255 -99491 -68547 -73024 -81856 -77995 -97466 -99310 -70847 -95571 -83856 -77248 -96774 -71678 
-96204 -75029 -68016 -89805 -81339 -69875 -91859 -88043 -84109 -71355 -84096 -75927 -67889 -98705 -78714 -86005 -72176 -97160 -97975 -67988 
-83659 -91280 -97946 -80831 -94868 -70431 -94958 -73091 -87245 -68256 -70561 -98435 -85059 -95135 -88132 -92797 -82537 -90544 -87621 -92826 
-88949 -78627 -86504 -87672 -94011 -71273 -89610 -88825 -67276 -98628 -75413 -68808 -88781 -75185 -82369 -91311 -69271 -77972 -74767 -86939
