-99297 -94624 -97361 -97861 -96480 -70650 -81145 -82404 -75517 -98680 -91336 -94819 -78721 -82088 -81087 -89772 -95198 -84651 -77098 -70346 
-79139 -74944 -73982 -73171 -72253 -79249 -79343 -94613 -77042 -98875 -79187 -92163 -97693 -81695 -70073 -80477 -93609 -90218 -91463 -95777 
-98511 -71269 -77015 -80820 -86287 -90492 -80848 -86735 -98670 -76303 -74949 -90282 -84851 -67578 -70350 -84970 -99170 -75237 -85928 -72266 
-77622 -93260 -94861 -87051 -68703 -90189 -95188 -80156 -73791 -90676 -74056 -87048 -77669 -79814 -77640 -79522 -79750 -69200 -90786 -93298 
-84031 -90221 -69422 -93917 -87693 -93082 -91948 -75542 -91911 -74106 -87902 -84423 -76512 -82153 -93156 -71806 -93086 -99010 -96730 -87257 
-90522 -99952 -68018 -94576 -86326 -92725 -81489 -85124 -68321 -80700 -79084 -98412 -76235 -76127 -72095 -71098 -77159 -76472 -93393 -74544 
-84387 -97000 -79177 -75621 -68073 -74282 -72463 -75829 -74452 -94230 -75523 -91116 -69297 -71221 -74559 -73777 -86204 -85576 -88108 -90803 
-97046 -79959 -74342 -73621 -86920 -89211 -73039 -76186 -78585 -97387 -89716 -94223 -97199 -73927 -97698 -87675 -82504 -69159 -91590 -78343 
-99702 -69089 -76424 -80046 -69757 -79517 -89766 -93732 -91245 -73881 -75536 -88710 -82974 -78267 -67272 -71366 -81646 -93531 -73590 -96980 
-87612 -95181 -90829 -96651 -72099 -73135 -94367 -95841 -87542 -89848 -73153 -73933 -78591 -89531 -90016 -74102 -89078 -92350 -71839 -75040
